98|1.319|50.56|01.01.2016
98|1.319|45,32|15.01.2016
95|1.21|30.4|02.02.2016
98|1.319|50.30|09.02.2016
98|1.392|45.25|11.03.2016
95|1.319|5.00|01.04.2016
D|1.219|5.00|01.02.2016
E85|0.95|15,12|12.11.2016
98|1.421|50.58|02.01.2016
98|1.309|45,76|25.08.2016
95|1.222|30.9|02.07.2016
98|1.343|50.37|09.08.2016
98|1.119|45.15|11.07.2016
95|1.223|5.09|21.12.2016
D|1.231|5.12|28.12.2016
E85|0.93|15,12|09.10.2016
98|1.3|49.52|01.06.2016
98|1.301|47,12|15.06.2016
95|1.211|30.4|27.06.2016
98|1.305|50.30|19.04.2016
98|1.401|45.25|21.03.2016
95|1.299|15.00|04.05.2016
D|1.211|25.00|01.05.2016
E85|0.97|5,12|12.12.2016
98|1.319|50.5|01.02.2016
98|1.333|45,32|15.09.2016
95|1.222|30.4|07.09.2016
98|1.334|50.30|09.07.2016
98|1.399|45.25|11.07.2016
95|1.313|9.76|01.09.2016
D|1.224|1.08|30.09.2016
E85|0.9|15,12|01.10.2016
98|1.299|50.9|01.04.2016
98|1.356|40,22|14.07.2016
95|1.198|3.45|12.08.2016
98|1.345|45.3|30.05.2016
98|1.401|98.25|04.08.2016
95|1.332|3.23|28.05.2016
D|1.224|1.00|11.02.2016
E85|0.91|19,12|31.02.2016